 
    
      
      
      [471600/471600 14:39:56, Epoch 40/40]
    
    
  
 
      Epoch
      Training Loss
      Validation Loss
      Accuracy
    
  
  
    
      1
      0.486400
      0.491033
      0.736863
    
    
      2
      0.459800
      0.462863
      0.775542
    
    
      3
      0.448100
      0.447108
      0.785742
    
    
      4
      0.433600
      0.448670
      0.770325
    
    
      5
      0.431100
      0.429623
      0.808474
    
    
      6
      0.430300
      0.423739
      0.812460
    
    
      7
      0.425800
      0.416035
      0.809640
    
    
      8
      0.396400
      0.411193
      0.814687
    
    
      9
      0.408600
      0.408388
      0.813563
    
    
      10
      0.407900
      0.404598
      0.819098
    
    
      11
      0.398100
      0.400777
      0.827049
    
    
      12
      0.398600
      0.397167
      0.823190
    
    
      13
      0.402500
      0.394206
      0.826647
    
    
      14
      0.381800
      0.396122
      0.820645
    
    
      15
      0.377700
      0.390917
      0.826265
    
    
      16
      0.389700
      0.387761
      0.830972
    
    
      17
      0.377800
      0.386891
      0.831291
    
    
      18
      0.385200
      0.386485
      0.827240
    
    
      19
      0.374400
      0.382680
      0.834641
    
    
      20
      0.388900
      0.381902
      0.831248
    
    
      21
      0.379000
      0.382502
      0.831057
    
    
      22
      0.377500
      0.378811
      0.836783
    
    
      23
      0.362700
      0.379860
      0.832987
    
    
      24
      0.366100
      0.379300
      0.839052
    
    
      25
      0.371600
      0.376369
      0.834471
    
    
      26
      0.373600
      0.376125
      0.834747
    
    
      27
      0.371400
      0.374216
      0.839667
    
    
      28
      0.373300
      0.374561
      0.841236
    
    
      29
      0.374400
      0.374282
      0.837631
    
    
      30
      0.370600
      0.372603
      0.841257
    
    
      31
      0.369600
      0.372063
      0.838267
    
    
      32
      0.377700
      0.371448
      0.841575
    
    
      33
      0.373600
      0.371129
      0.840048
    
    
      34
      0.366500
      0.371177
      0.842572
    
    
      35
      0.364400
      0.370470
      0.841321
    
    
      36
      0.374700
      0.370085
      0.840812
    
    
      37
      0.369300
      0.369918
      0.841554
    
    
      38
      0.350900
      0.369801
      0.842063
    
    
      39
      0.361900
      0.369906
      0.840282
    
    
      40
      0.359400
      0.369676
      0.841321
    
  
TrainOutput(global_step=471600, training_loss=0.3924717077913681, metrics={'train_runtime': 52796.8118, 'train_samples_per_second': 142.909, 'train_steps_per_second': 8.932, 'total_flos': 5.8468946036043534e+20, 'train_loss': 0.3924717077913681, 'epoch': 40.0})